47,3
47,2
47,1
47,0
0,435
46,5
46,4
46,3
46,2
46,1
46,0
0,434
45,4
45,3
45,2
45,1
45,0
0,433
0,432
0,431
44,3
44,2
44,1
44,0
43,4
43,3
43,2
43,1
43,0
42,3
42,2
42,1
42,0
41,5
41,4
41,3
41,2
41,1
41,0
40,4
40,3
40,2
40,1
40,0
39,3
39,2
39,1
39,0
38,4
38,3
38,2
38,1
38,0
0,430
37,15
37,14
37,13
37,12
37,11
37,10
0,429
0,428
0,427
37,9
37,8
37,7
37,6
37,5
37,4
0,426
0,425
0,424
37,3
37,2
0,423
37,1
37,0
0,422
0,421
0,420
0,419
0,418
36,5
36,4
36,3
36,2
0,417
36,1
36,0
0,416
0,415
0,414
0,413
0,412
35,4
35,3
35,2
0,411
35,1
35,0
0,410
0,409
0,408
0,407
0,406
0,405
34,3
34,2
0,404
34,1
34,0
0,403
0,402
0,401
0,400
0,399
33,4
33,3
33,2
0,398
33,1
33,0
0,397
0,396
32,94
32,93
32,92
32,91
32,90
32,89
32,88
32,87
32,86
32,85
32,84
32,83
32,82
32,81
32,80
32,79
32,78
32,77
32,76
32,75
32,74
32,73
32,72
32,71
32,70
32,69
32,68
32,67
32,66
32,65
32,64
32,35
32,34
32,33
32,32
32,31
32,30
32,29
32,28
32,27
32,26
32,25
32,24
32,23
32,22
32,21
32,20
32,19
32,18
32,17
32,16
32,15
32,14
32,13
32,12
32,11
32,10
32,9
32,8
32,7
32,6
32,5
32,4
32,3
32,2
32,1
32,0
31,5
31,4
31,3
31,2
31,1
31,0
30,4
30,3
30,2
30,1
30,0
29,3
29,2
29,1
29,0
28,4
28,3
28,2
28,1
28,0
26,15
26,14
26,13
26,12
26,11
26,10
26,9
26,8
26,7
26,6
26,5
26,4
4,3
4,2
4,1
4,0
3,6
3,5
3,4
3,3
3,2
3,1
3,0
2,2
2,1
2,0
1,2
1,1
1,0
0,310
26,3
26,2
26,1
26,0
25,5
25,4
25,3
25,2
25,1
25,0
24,4
24,3
24,2
24,1
24,0
23,3
23,2
23,1
23,0
22,4
22,3
22,2
22,1
22,0
2,3
1,3
0,322
0,308
0,307
0,305
0,304
0,303
0,302
0,243
0,12
0,10
0,9
0,8
0,0
0,1
0,300
0,299
0,298
0,297
0,296
0,295
0,294
0,293
0,292
0,291
0,290
0,289
0,288
0,287
0,286
0,285
0,284
0,283
0,282
0,281
0,280
0,279
0,278
0,277
0,276
0,275
0,274
0,273
0,272
0,271
0,270
0,269
0,268
0,267
0,266
0,265
0,264
0,263
0,262
0,395
0,261
0,394
0,260
0,259
0,393
0,258
0,392
0,257
0,391
0,256
0,390
0,255
0,389
0,254
0,388
0,253
0,252
0,387
0,251
0,386
0,250
0,380
0,249
0,379
0,248
0,381
0,247
0,377
0,246
0,376
0,245
0,378
0,244
0,374
0,242
0,373
0,241
0,375
0,240
0,371
0,239
0,370
0,238
0,372
0,237
0,368
0,236
0,367
0,235
0,369
0,234
0,366
0,233
0,365
0,232
0,364
0,231
0,363
0,230
0,385
0,229
0,362
0,228
0,361
0,227
0,360
0,226
0,359
0,225
0,384
0,224
0,358
0,223
0,357
0,222
0,356
0,221
0,355
0,220
0,354
0,219
0,353
0,218
0,383
0,217
0,352
0,216
0,351
0,215
0,350
0,214
0,349
0,213
0,348
0,212
0,347
0,211
0,382
0,210
0,346
0,209
0,342
0,208
0,341
0,207
0,340
0,206
0,339
0,205
0,338
0,204
0,337
0,203
0,336
0,202
0,335
0,201
0,345
0,200
0,334
0,199
0,333
0,198
0,332
0,197
0,331
0,196
0,330
0,195
0,329
0,194
0,344
0,193
0,328
0,192
0,327
0,63
0,326
0,62
0,325
0,61
0,324
0,60
0,323
0,59
0,343
0,58
0,321
0,57
0,320
0,56
0,319
0,55
0,318
0,54
0,317
0,53
0,316
0,52
0,315
0,51
0,314
0,50
0,313
0,49
0,312
0,48
0,311
0,47
0,309
0,46
0,306
0,45
0,301
0,6
0,5
0,11
0,4
0,2
0,3
0,7
